  5.2000000e+001	
  5.2000000e+001	
  5.2000000e+001	
  5.2000000e+001	
  5.2000000e+001	
  5.2000000e+001	
  5.2000000e+001	
  5.2000000e+001	
  5.2000000e+001	
  5.2000000e+001	
  5.2000000e+001	
  5.2000000e+001	
  5.2000000e+001	
  5.2000000e+001	
  5.2000000e+001	
  5.2000000e+001	
  5.2000000e+001	
  5.2000000e+001	
  5.2000000e+001	
  5.2000000e+001	
  5.2000000e+001	
  6.7000000e+001	
  6.7000000e+001	
  6.7000000e+001	
  6.7000000e+001	
  6.7000000e+001	
  6.7000000e+001	
  6.7000000e+001	
  6.7000000e+001	
  6.7000000e+001	
  6.7000000e+001	
  6.7000000e+001	
  6.7000000e+001	
  6.7000000e+001	
  6.7000000e+001	
  6.7000000e+001	
  6.7000000e+001	
  6.7000000e+001	
  6.7000000e+001	
  6.7000000e+001	
  6.7000000e+001	
  6.7000000e+001	
  8.2000000e+001	
  8.2000000e+001	
  8.2000000e+001	
  8.2000000e+001	
  8.2000000e+001	
  8.2000000e+001	
  8.2000000e+001	
  8.2000000e+001	
  8.2000000e+001	
  8.2000000e+001	
  8.2000000e+001	
  8.2000000e+001	
  8.2000000e+001	
  8.2000000e+001	
  8.2000000e+001	
  8.2000000e+001	
  8.2000000e+001	
  8.2000000e+001	
  8.2000000e+001	
  8.2000000e+001	
  8.2000000e+001	
  9.7000000e+001	
  9.7000000e+001	
  9.7000000e+001	
  9.7000000e+001	
  9.7000000e+001	
  9.7000000e+001	
  9.7000000e+001	
  9.7000000e+001	
  9.7000000e+001	
  9.7000000e+001	
  9.7000000e+001	
  9.7000000e+001	
  9.7000000e+001	
  9.7000000e+001	
  9.7000000e+001	
  9.7000000e+001	
  9.7000000e+001	
  9.7000000e+001	
  9.7000000e+001	
  9.7000000e+001	
  9.7000000e+001	
  1.1200000e+002	
  1.1200000e+002	
  1.1200000e+002	
  1.1200000e+002	
  1.1200000e+002	
  1.1200000e+002	
  1.1200000e+002	
  1.1200000e+002	
  1.1200000e+002	
  1.1200000e+002	
  1.1200000e+002	
  1.1200000e+002	
  1.1200000e+002	
  1.1200000e+002	
  1.1200000e+002	
  1.1200000e+002	
  1.1200000e+002	
  1.1200000e+002	
  1.1200000e+002	
  1.1200000e+002	
  1.1200000e+002	
  1.2700000e+002	
  1.2700000e+002	
  1.2700000e+002	
  1.2700000e+002	
  1.2700000e+002	
  1.2700000e+002	
  1.2700000e+002	
  1.2700000e+002	
  1.2700000e+002	
  1.2700000e+002	
  1.2700000e+002	
  1.2700000e+002	
  1.2700000e+002	
  1.2700000e+002	
  1.2700000e+002	
  1.2700000e+002	
  1.2700000e+002	
  1.2700000e+002	
  1.2700000e+002	
  1.2700000e+002	
  1.2700000e+002	
  1.4200000e+002	
  1.4200000e+002	
  1.4200000e+002	
  1.4200000e+002	
  1.4200000e+002	
  1.4200000e+002	
  1.4200000e+002	
  1.4200000e+002	
  1.4200000e+002	
  1.4200000e+002	
  1.4200000e+002	
  1.4200000e+002	
  1.4200000e+002	
  1.4200000e+002	
  1.4200000e+002	
  1.4200000e+002	
  1.4200000e+002	
  1.4200000e+002	
  1.4200000e+002	
  1.4200000e+002	
  1.4200000e+002	
  1.5700000e+002	
  1.5700000e+002	
  1.5700000e+002	
  1.5700000e+002	
  1.5700000e+002	
  1.5700000e+002	
  1.5700000e+002	
  1.5700000e+002	
  1.5700000e+002	
  1.5700000e+002	
  1.5700000e+002	
  1.5700000e+002	
  1.5700000e+002	
  1.5700000e+002	
  1.5700000e+002	
  1.5700000e+002	
  1.5700000e+002	
  1.5700000e+002	
  1.5700000e+002	
  1.5700000e+002	
  1.5700000e+002	
  1.7200000e+002	
  1.7200000e+002	
  1.7200000e+002	
  1.7200000e+002	
  1.7200000e+002	
  1.7200000e+002	
  1.7200000e+002	
  1.7200000e+002	
  1.7200000e+002	
  1.7200000e+002	
  1.7200000e+002	
  1.7200000e+002	
  1.7200000e+002	
  1.7200000e+002	
  1.7200000e+002	
  1.7200000e+002	
  1.7200000e+002	
  1.7200000e+002	
  1.7200000e+002	
  1.7200000e+002	
  1.7200000e+002	
  1.8700000e+002	
  1.8700000e+002	
  1.8700000e+002	
  1.8700000e+002	
  1.8700000e+002	
  1.8700000e+002	
  1.8700000e+002	
  1.8700000e+002	
  1.8700000e+002	
  1.8700000e+002	
  1.8700000e+002	
  1.8700000e+002	
  1.8700000e+002	
  1.8700000e+002	
  1.8700000e+002	
  1.8700000e+002	
  1.8700000e+002	
  1.8700000e+002	
  1.8700000e+002	
  1.8700000e+002	
  1.8700000e+002	
  2.0200000e+002	
  2.0200000e+002	
  2.0200000e+002	
  2.0200000e+002	
  2.0200000e+002	
  2.0200000e+002	
  2.0200000e+002	
  2.0200000e+002	
  2.0200000e+002	
  2.0200000e+002	
  2.0200000e+002	
  2.0200000e+002	
  2.0200000e+002	
  2.0200000e+002	
  2.0200000e+002	
  2.0200000e+002	
  2.0200000e+002	
  2.0200000e+002	
  2.0200000e+002	
  2.0200000e+002	
  2.0200000e+002	
  2.1700000e+002	
  2.1700000e+002	
  2.1700000e+002	
  2.1700000e+002	
  2.1700000e+002	
  2.1700000e+002	
  2.1700000e+002	
  2.1700000e+002	
  2.1700000e+002	
  2.1700000e+002	
  2.1700000e+002	
  2.1700000e+002	
  2.1700000e+002	
  2.1700000e+002	
  2.1700000e+002	
  2.1700000e+002	
  2.1700000e+002	
  2.1700000e+002	
  2.1700000e+002	
  2.1700000e+002	
  2.1700000e+002	
  2.3200000e+002	
  2.3200000e+002	
  2.3200000e+002	
  2.3200000e+002	
  2.3200000e+002	
  2.3200000e+002	
  2.3200000e+002	
  2.3200000e+002	
  2.3200000e+002	
  2.3200000e+002	
  2.3200000e+002	
  2.3200000e+002	
  2.3200000e+002	
  2.3200000e+002	
  2.3200000e+002	
  2.3200000e+002	
  2.3200000e+002	
  2.3200000e+002	
  2.3200000e+002	
  2.3200000e+002	
  2.3200000e+002	
  2.4700000e+002	
  2.4700000e+002	
  2.4700000e+002	
  2.4700000e+002	
  2.4700000e+002	
  2.4700000e+002	
  2.4700000e+002	
  2.4700000e+002	
  2.4700000e+002	
  2.4700000e+002	
  2.4700000e+002	
  2.4700000e+002	
  2.4700000e+002	
  2.4700000e+002	
  2.4700000e+002	
  2.4700000e+002	
  2.4700000e+002	
  2.4700000e+002	
  2.4700000e+002	
  2.4700000e+002	
  2.4700000e+002	
  2.6200000e+002	
  2.6200000e+002	
  2.6200000e+002	
  2.6200000e+002	
  2.6200000e+002	
  2.6200000e+002	
  2.6200000e+002	
  2.6200000e+002	
  2.6200000e+002	
  2.6200000e+002	
  2.6200000e+002	
  2.6200000e+002	
  2.6200000e+002	
  2.6200000e+002	
  2.6200000e+002	
  2.6200000e+002	
  2.6200000e+002	
  2.6200000e+002	
  2.6200000e+002	
  2.6200000e+002	
  2.6200000e+002	
  2.7700000e+002	
  2.7700000e+002	
  2.7700000e+002	
  2.7700000e+002	
  2.7700000e+002	
  2.7700000e+002	
  2.7700000e+002	
  2.7700000e+002	
  2.7700000e+002	
  2.7700000e+002	
  2.7700000e+002	
  2.7700000e+002	
  2.7700000e+002	
  2.7700000e+002	
  2.7700000e+002	
  2.7700000e+002	
  2.7700000e+002	
  2.7700000e+002	
  2.7700000e+002	
  2.7700000e+002	
  2.7700000e+002	
  2.9200000e+002	
  2.9200000e+002	
  2.9200000e+002	
  2.9200000e+002	
  2.9200000e+002	
  2.9200000e+002	
  2.9200000e+002	
  2.9200000e+002	
  2.9200000e+002	
  2.9200000e+002	
  2.9200000e+002	
  2.9200000e+002	
  2.9200000e+002	
  2.9200000e+002	
  2.9200000e+002	
  2.9200000e+002	
  2.9200000e+002	
  2.9200000e+002	
  2.9200000e+002	
  2.9200000e+002	
  2.9200000e+002	
  3.0700000e+002	
  3.0700000e+002	
  3.0700000e+002	
  3.0700000e+002	
  3.0700000e+002	
  3.0700000e+002	
  3.0700000e+002	
  3.0700000e+002	
  3.0700000e+002	
  3.0700000e+002	
  3.0700000e+002	
  3.0700000e+002	
  3.0700000e+002	
  3.0700000e+002	
  3.0700000e+002	
  3.0700000e+002	
  3.0700000e+002	
  3.0700000e+002	
  3.0700000e+002	
  3.0700000e+002	
  3.0700000e+002	
  3.2200000e+002	
  3.2200000e+002	
  3.2200000e+002	
  3.2200000e+002	
  3.2200000e+002	
  3.2200000e+002	
  3.2200000e+002	
  3.2200000e+002	
  3.2200000e+002	
  3.2200000e+002	
  3.2200000e+002	
  3.2200000e+002	
  3.2200000e+002	
  3.2200000e+002	
  3.2200000e+002	
  3.2200000e+002	
  3.2200000e+002	
  3.2200000e+002	
  3.2200000e+002	
  3.2200000e+002	
  3.2200000e+002	
  3.3700000e+002	
  3.3700000e+002	
  3.3700000e+002	
  3.3700000e+002	
  3.3700000e+002	
  3.3700000e+002	
  3.3700000e+002	
  3.3700000e+002	
  3.3700000e+002	
  3.3700000e+002	
  3.3700000e+002	
  3.3700000e+002	
  3.3700000e+002	
  3.3700000e+002	
  3.3700000e+002	
  3.3700000e+002	
  3.3700000e+002	
  3.3700000e+002	
  3.3700000e+002	
  3.3700000e+002	
  3.3700000e+002	
  3.5200000e+002	
  3.5200000e+002	
  3.5200000e+002	
  3.5200000e+002	
  3.5200000e+002	
  3.5200000e+002	
  3.5200000e+002	
  3.5200000e+002	
  3.5200000e+002	
  3.5200000e+002	
  3.5200000e+002	
  3.5200000e+002	
  3.5200000e+002	
  3.5200000e+002	
  3.5200000e+002	
  3.5200000e+002	
  3.5200000e+002	
  3.5200000e+002	
  3.5200000e+002	
  3.5200000e+002	
  3.5200000e+002	
  3.6700000e+002	
  3.6700000e+002	
  3.6700000e+002	
  3.6700000e+002	
  3.6700000e+002	
  3.6700000e+002	
  3.6700000e+002	
  3.6700000e+002	
  3.6700000e+002	
  3.6700000e+002	
  3.6700000e+002	
  3.6700000e+002	
  3.6700000e+002	
  3.6700000e+002	
  3.6700000e+002	
  3.6700000e+002	
  3.6700000e+002	
  3.6700000e+002	
  3.6700000e+002	
  3.6700000e+002	
  3.6700000e+002	
  3.8200000e+002	
  3.8200000e+002	
  3.8200000e+002	
  3.8200000e+002	
  3.8200000e+002	
  3.8200000e+002	
  3.8200000e+002	
  3.8200000e+002	
  3.8200000e+002	
  3.8200000e+002	
  3.8200000e+002	
  3.8200000e+002	
  3.8200000e+002	
  3.8200000e+002	
  3.8200000e+002	
  3.8200000e+002	
  3.8200000e+002	
  3.8200000e+002	
  3.8200000e+002	
  3.8200000e+002	
  3.8200000e+002	
  3.9700000e+002	
  3.9700000e+002	
  3.9700000e+002	
  3.9700000e+002	
  3.9700000e+002	
  3.9700000e+002	
  3.9700000e+002	
  3.9700000e+002	
  3.9700000e+002	
  3.9700000e+002	
  3.9700000e+002	
  3.9700000e+002	
  3.9700000e+002	
  3.9700000e+002	
  3.9700000e+002	
  3.9700000e+002	
  3.9700000e+002	
  3.9700000e+002	
  3.9700000e+002	
  3.9700000e+002	
  3.9700000e+002	
  4.1200000e+002	
  4.1200000e+002	
  4.1200000e+002	
  4.1200000e+002	
  4.1200000e+002	
  4.1200000e+002	
  4.1200000e+002	
  4.1200000e+002	
  4.1200000e+002	
  4.1200000e+002	
  4.1200000e+002	
  4.1200000e+002	
  4.1200000e+002	
  4.1200000e+002	
  4.1200000e+002	
  4.1200000e+002	
  4.1200000e+002	
  4.1200000e+002	
  4.1200000e+002	
  4.1200000e+002	
  4.1200000e+002	
  4.2700000e+002	
  4.2700000e+002	
  4.2700000e+002	
  4.2700000e+002	
  4.2700000e+002	
  4.2700000e+002	
  4.2700000e+002	
  4.2700000e+002	
  4.2700000e+002	
  4.2700000e+002	
  4.2700000e+002	
  4.2700000e+002	
  4.2700000e+002	
  4.2700000e+002	
  4.2700000e+002	
  4.2700000e+002	
  4.2700000e+002	
  4.2700000e+002	
  4.2700000e+002	
  4.2700000e+002	
  4.2700000e+002	
